0.00743896
0.00899591
0.00950419
0.0118541
0.0147028
0.0152584
0.0154452
0.0129558
0.0150903
0.0199495
0.0217328
0.0209748
0.0256934
0.0249238
0.0254384
0.0255386
0.023526
0.0235335
0.0203593
0.0182574
0.0223403
0.0137897
0.0174469
0.0144096
0.0201339
0.0125981
0.0114848
0.0138617
0.00844195
0.00606482
0.00740004
0.00715175
0.0103034
0.0113116
0.0140531
0.0103521
0.0124733
0.0127485
0.0106628
0.010098
0.0118748
0.0128877
0.0103126
0.0143396
0.0127934
0.0138235
0.0112071
0.0104729
0.0153076
0.0178888
0.0153834
0.0138539
0.0143362
0.0125588
0.0105147
0.0096065
0.0092857
0.00880831
0.00610121
0.00590392
0.00408804
0.00512698
0.00521333
0.00562661
0.0035846
0.00689492
0.00700774
0.00578712
0.00480904
0.00258409
0.00259326
0.00509159
